p16(x) = 0.0 + 5.536021587006992x^1 - 48.78275675096094x^2 + 297.0505333120965x^3 - 1252.1159377020222x^4 + 3790.406903331744x^5 - 8478.596727144346x^6 + 14290.966004727707x^7 - 18369.209379316202x^8 + 18099.492829562103x^9 - 13651.497295495225x^10 + 7813.317193581992x^11 - 3332.210500080145x^12 + 1025.2600586488181x^13 - 214.9274561899471x^14 + 27.461315598126532x^15 - 1.6129248280067383x^16
p(1.0) = 0.537882842739366